
%lv_data.m
%Script to store the given LV data
%The H and L values have been scaled to 1000's.
%The years 1862 to 1910 too, have been scaled with diff 2.
years=[1862:2:1910];
H=[3000 8500 148000 6000 9000 25000 50000 90000 70000 10000 11000 42000 130000 50000 18000 40000 78000 35000 5000 10000 5000 58000 36000 23000 30000];
L=[3000 18000 43000 62000 10000 8000 30000 47000 42000 12000 13000 35000 72000 30000 22000 15000 40000 36000 23000 8000 10000 20000 58000 40000 10000];
