  0.000000   0.000000   0.000000   0.000000   0.000000   0.000000   0.000000   0.000000   0.000000   0.000000   0.000000   0.000000   0.000000   0.000000   0.000000   0.000000   0.000000   0.000000   0.000000   0.000000   0.000000   0.000000   0.000000   0.000000   0.000000   0.000000   0.000000   0.000000   0.000000   0.000000   0.000000   0.000000   0.000000   0.000000   0.000000   0.000000   0.000000   0.000000   0.000000   0.000000   0.000000   0.000000   0.000000   0.000000   0.000000   0.000000   0.000000   0.000000   0.000000   0.000000   0.000000   0.000000   0.000000   0.000000   0.000000   0.000000   0.000000   0.000000   0.000000   0.000000   0.000000   0.000000   0.000000   0.000000 
  0.000000   0.011670   0.023305   0.034872   0.046336   0.057664   0.068825   0.079786   0.090518   0.100992   0.111180   0.121056   0.130596   0.139778   0.148580   0.156982   0.164968   0.172521   0.179626   0.186270   0.192442   0.198131   0.203329   0.208027   0.212218   0.215897   0.219059   0.221700   0.223817   0.225406   0.226467   0.226997   0.226997   0.226467   0.225406   0.223817   0.221700   0.219059   0.215897   0.212218   0.208027   0.203329   0.198131   0.192442   0.186270   0.179626   0.172521   0.164968   0.156982   0.148580   0.139778   0.130596   0.121056   0.111180   0.100992   0.090518   0.079786   0.068825   0.057664   0.046336   0.034872   0.023305   0.011670   0.000000 
  0.000000   0.023305   0.046541   0.069640   0.092535   0.115158   0.137447   0.159337   0.180769   0.201686   0.222031   0.241755   0.260807   0.279143   0.296721   0.313501   0.329449   0.344532   0.358721   0.371990   0.384316   0.395678   0.406057   0.415439   0.423810   0.431157   0.437472   0.442746   0.446973   0.450147   0.452265   0.453325   0.453325   0.452265   0.450147   0.446973   0.442746   0.437472   0.431157   0.423810   0.415439   0.406057   0.395678   0.384316   0.371990   0.358721   0.344532   0.329449   0.313501   0.296721   0.279143   0.260807   0.241755   0.222031   0.201686   0.180769   0.159337   0.137447   0.115158   0.092535   0.069640   0.046541   0.023305   0.000000 
  0.000000   0.034872   0.069640   0.104204   0.138461   0.172313   0.205663   0.238418   0.270488   0.301785   0.332229   0.361741   0.390250   0.417686   0.443988   0.469096   0.492960   0.515529   0.536760   0.556615   0.575058   0.592058   0.607590   0.621628   0.634153   0.645147   0.654596   0.662488   0.668812   0.673562   0.676731   0.678317   0.678317   0.676731   0.673562   0.668812   0.662488   0.654596   0.645147   0.634153   0.621628   0.607590   0.592058   0.575058   0.556615   0.536760   0.515529   0.492960   0.469096   0.443988   0.417686   0.390250   0.361741   0.332229   0.301785   0.270488   0.238418   0.205663   0.172313   0.138461   0.104204   0.069640   0.034872   0.000000 
  0.000000   0.046336   0.092535   0.138461   0.183981   0.228962   0.273276   0.316799   0.359411   0.400998   0.441450   0.480665   0.518546   0.555002   0.589950   0.623314   0.655022   0.685011   0.713222   0.739604   0.764110   0.786700   0.807337   0.825991   0.842633   0.857242   0.869797   0.880283   0.888687   0.894998   0.899209   0.901316   0.901316   0.899209   0.894998   0.888687   0.880283   0.869797   0.857242   0.842633   0.825991   0.807337   0.786700   0.764110   0.739604   0.713222   0.685011   0.655022   0.623314   0.589950   0.555002   0.518546   0.480665   0.441450   0.400998   0.359411   0.316799   0.273276   0.228962   0.183981   0.138461   0.092535   0.046336   0.000000 
  0.000000   0.057664   0.115158   0.172313   0.228962   0.284940   0.340089   0.394253   0.447284   0.499038   0.549380   0.598182   0.645324   0.690694   0.734186   0.775707   0.815167   0.852488   0.887596   0.920429   0.950926   0.979039   1.004722   1.027936   1.048647   1.066828   1.082452   1.095502   1.105960   1.113815   1.119056   1.121678   1.121678   1.119056   1.113815   1.105960   1.095502   1.082452   1.066828   1.048647   1.027936   1.004722   0.979039   0.950926   0.920429   0.887596   0.852488   0.815167   0.775707   0.734186   0.690694   0.645324   0.598182   0.549380   0.499038   0.447284   0.394253   0.340089   0.284940   0.228962   0.172313   0.115158   0.057664   0.000000 
  0.000000   0.068825   0.137447   0.205663   0.273276   0.340089   0.405911   0.470559   0.533853   0.595624   0.655710   0.713957   0.770223   0.824374   0.876284   0.925841   0.972939   1.017483   1.059386   1.098573   1.134973   1.168527   1.199181   1.226888   1.251608   1.273307   1.291956   1.307531   1.320013   1.329388   1.335643   1.338773   1.338773   1.335643   1.329388   1.320013   1.307531   1.291956   1.273307   1.251608   1.226888   1.199181   1.168527   1.134973   1.098573   1.059386   1.017483   0.972939   0.925841   0.876284   0.824374   0.770223   0.713957   0.655710   0.595624   0.533853   0.470559   0.405911   0.340089   0.273276   0.205663   0.137447   0.068825   0.000000 
  0.000000   0.079786   0.159337   0.238418   0.316799   0.394253   0.470559   0.545502   0.618877   0.690486   0.760141   0.827665   0.892893   0.955667   1.015846   1.073295   1.127893   1.179531   1.228109   1.273537   1.315734   1.354632   1.390168   1.422287   1.450944   1.476099   1.497718   1.515774   1.530245   1.541112   1.548364   1.551992   1.551992   1.548364   1.541112   1.530245   1.515774   1.497718   1.476099   1.450944   1.422287   1.390168   1.354632   1.315734   1.273537   1.228109   1.179531   1.127893   1.073295   1.015846   0.955667   0.892893   0.827665   0.760141   0.690486   0.618877   0.545502   0.470559   0.394253   0.316799   0.238418   0.159337   0.079786   0.000000 
  0.000000   0.090518   0.180769   0.270488   0.359411   0.447284   0.533853   0.618877   0.702121   0.783362   0.862386   0.938994   1.012994   1.084213   1.152486   1.217662   1.279605   1.338189   1.393300   1.444838   1.492712   1.536842   1.577157   1.613597   1.646109   1.674647   1.699174   1.719659   1.736076   1.748405   1.756632   1.760748   1.760748   1.756632   1.748405   1.736076   1.719659   1.699174   1.674647   1.646109   1.613597   1.577157   1.536842   1.492712   1.444838   1.393300   1.338189   1.279605   1.217662   1.152486   1.084213   1.012994   0.938994   0.862386   0.783362   0.702121   0.618877   0.533853   0.447284   0.359411   0.270488   0.180769   0.090518   0.000000 
  0.000000   0.100992   0.201686   0.301785   0.400998   0.499038   0.595624   0.690486   0.783362   0.874003   0.962171   1.047642   1.130206   1.209665   1.285837   1.358555   1.427665   1.493027   1.554516   1.612017   1.665430   1.714666   1.759647   1.800303   1.836576   1.868417   1.895782   1.918637   1.936953   1.950709   1.959888   1.964480   1.964480   1.959888   1.950709   1.936953   1.918637   1.895782   1.868417   1.836576   1.800303   1.759647   1.714666   1.665430   1.612017   1.554516   1.493027   1.427665   1.358555   1.285837   1.209665   1.130206   1.047642   0.962171   0.874003   0.783362   0.690486   0.595624   0.499038   0.400998   0.301785   0.201686   0.100992   0.000000 
  0.000000   0.111180   0.222031   0.332229   0.441450   0.549380   0.655710   0.760141   0.862386   0.962171   1.059234   1.153327   1.244219   1.331694   1.415551   1.495604   1.571686   1.643642   1.711333   1.774635   1.833437   1.887640   1.937157   1.981915   2.021848   2.056900   2.087026   2.112186   2.132350   2.147494   2.157599   2.162655   2.162655   2.157599   2.147494   2.132350   2.112186   2.087026   2.056900   2.021848   1.981915   1.937157   1.887640   1.833437   1.774635   1.711333   1.643642   1.571686   1.495604   1.415551   1.331694   1.244219   1.153327   1.059234   0.962171   0.862386   0.760141   0.655710   0.549380   0.441450   0.332229   0.222031   0.111180   0.000000 
  0.000000   0.121056   0.241755   0.361741   0.480665   0.598182   0.713957   0.827665   0.938994   1.047642   1.153327   1.255779   1.354745   1.449990   1.541296   1.628461   1.711301   1.789649   1.863353   1.932279   1.996304   2.055321   2.109238   2.157971   2.201451   2.239618   2.272419   2.299815   2.321770   2.338259   2.349262   2.354766   2.354766   2.349262   2.338259   2.321770   2.299815   2.272419   2.239618   2.201451   2.157971   2.109238   2.055321   1.996304   1.932279   1.863353   1.789649   1.711301   1.628461   1.541296   1.449990   1.354745   1.255779   1.153327   1.047642   0.938994   0.827665   0.713957   0.598182   0.480665   0.361741   0.241755   0.121056   0.000000 
  0.000000   0.130596   0.260807   0.390250   0.518546   0.645324   0.770223   0.892893   1.012994   1.130206   1.244219   1.354745   1.461511   1.564262   1.662763   1.756798   1.846166   1.930689   2.010202   2.084559   2.153630   2.217298   2.275464   2.328038   2.374945   2.416119   2.451506   2.481060   2.504745   2.522534   2.534404   2.540342   2.540342   2.534404   2.522534   2.504745   2.481060   2.451506   2.416119   2.374945   2.328038   2.275464   2.217298   2.153630   2.084559   2.010202   1.930689   1.846166   1.756798   1.662763   1.564262   1.461511   1.354745   1.244219   1.130206   1.012994   0.892893   0.770223   0.645324   0.518546   0.390250   0.260807   0.130596   0.000000 
  0.000000   0.139778   0.279143   0.417686   0.555002   0.690694   0.824374   0.955667   1.084213   1.209665   1.331694   1.449990   1.564262   1.674237   1.779664   1.880309   1.975961   2.066426   2.151529   2.231113   2.305040   2.373185   2.435440   2.491711   2.541915   2.585984   2.623858   2.655490   2.680841   2.699880   2.712585   2.718940   2.718940   2.712585   2.699880   2.680841   2.655490   2.623858   2.585984   2.541915   2.491711   2.435440   2.373185   2.305040   2.231113   2.151529   2.066426   1.975961   1.880309   1.779664   1.674237   1.564262   1.449990   1.331694   1.209665   1.084213   0.955667   0.824374   0.690694   0.555002   0.417686   0.279143   0.139778   0.000000 
  0.000000   0.148580   0.296721   0.443988   0.589950   0.734186   0.876284   1.015846   1.152486   1.285837   1.415551   1.541296   1.662763   1.779664   1.891729   1.998712   2.100387   2.196548   2.287010   2.371606   2.450188   2.522624   2.588799   2.648613   2.701979   2.748822   2.789082   2.822706   2.849653   2.869891   2.883395   2.890152   2.890152   2.883395   2.869891   2.849653   2.822706   2.789082   2.748822   2.701979   2.648613   2.588799   2.522624   2.450188   2.371606   2.287010   2.196548   2.100387   1.998712   1.891729   1.779664   1.662763   1.541296   1.415551   1.285837   1.152486   1.015846   0.876284   0.734186   0.589950   0.443988   0.296721   0.148580   0.000000 
  0.000000   0.156982   0.313501   0.469096   0.623314   0.775707   0.925841   1.073295   1.217662   1.358555   1.495604   1.628461   1.756798   1.880309   1.998712   2.111745   2.219170   2.320769   2.416347   2.505728   2.588754   2.665286   2.735204   2.798400   2.854784   2.904277   2.946813   2.982338   3.010809   3.032192   3.046460   3.053598   3.053598   3.046460   3.032192   3.010809   2.982338   2.946813   2.904277   2.854784   2.798400   2.735204   2.665286   2.588754   2.505728   2.416347   2.320769   2.219170   2.111745   1.998712   1.880309   1.756798   1.628461   1.495604   1.358555   1.217662   1.073295   0.925841   0.775707   0.623314   0.469096   0.313501   0.156982   0.000000 
  0.000000   0.164968   0.329449   0.492960   0.655022   0.815167   0.972939   1.127893   1.279605   1.427665   1.571686   1.711301   1.846166   1.975961   2.100387   2.219170   2.332060   2.438827   2.539267   2.633195   2.720444   2.800870   2.874344   2.940755   3.000007   3.052018   3.096718   3.134051   3.163970   3.186440   3.201434   3.208935   3.208935   3.201434   3.186440   3.163970   3.134051   3.096718   3.052018   3.000007   2.940755   2.874344   2.800870   2.720444   2.633195   2.539267   2.438827   2.332060   2.219170   2.100387   1.975961   1.846166   1.711301   1.571686   1.427665   1.279605   1.127893   0.972939   0.815167   0.655022   0.492960   0.329449   0.164968   0.000000 
  0.000000   0.172521   0.344532   0.515529   0.685011   0.852488   1.017483   1.179531   1.338189   1.493027   1.643642   1.789649   1.930689   2.066426   2.196548   2.320769   2.438827   2.550483   2.655522   2.753749   2.844993   2.929101   3.005939   3.075391   3.137355   3.191747   3.238494   3.277536   3.308825   3.332323   3.348004   3.355849   3.355849   3.348004   3.332323   3.308825   3.277536   3.238494   3.191747   3.137355   3.075391   3.005939   2.929101   2.844993   2.753749   2.655522   2.550483   2.438827   2.320769   2.196548   2.066426   1.930689   1.789649   1.643642   1.493027   1.338189   1.179531   1.017483   0.852488   0.685011   0.515529   0.344532   0.172521   0.000000 
  0.000000   0.179626   0.358721   0.536760   0.713222   0.887596   1.059386   1.228109   1.393300   1.554516   1.711333   1.863353   2.010202   2.151529   2.287010   2.416347   2.539267   2.655522   2.764886   2.867159   2.962160   3.049732   3.129735   3.202047   3.266563   3.323195   3.371867   3.412517   3.445094   3.469561   3.485887   3.494055   3.494055   3.485887   3.469561   3.445094   3.412517   3.371867   3.323195   3.266563   3.202047   3.129735   3.049732   2.962160   2.867159   2.764886   2.655522   2.539267   2.416347   2.287010   2.151529   2.010202   1.863353   1.711333   1.554516   1.393300   1.228109   1.059386   0.887596   0.713222   0.536760   0.358721   0.179626   0.000000 
  0.000000   0.186270   0.371990   0.556615   0.739604   0.920429   1.098573   1.273537   1.444838   1.612017   1.774635   1.932279   2.084559   2.231113   2.371606   2.505728   2.633195   2.753749   2.867159   2.973214   3.071730   3.162541   3.245503   3.320490   3.387393   3.446119   3.496591   3.538745   3.572528   3.597899   3.614829   3.623299   3.623299   3.614829   3.597899   3.572528   3.538745   3.496591   3.446119   3.387393   3.320490   3.245503   3.162541   3.071730   2.973214   2.867159   2.753749   2.633195   2.505728   2.371606   2.231113   2.084559   1.932279   1.774635   1.612017   1.444838   1.273537   1.098573   0.920429   0.739604   0.556615   0.371990   0.186270   0.000000 
  0.000000   0.192442   0.384316   0.575058   0.764110   0.950926   1.134973   1.315734   1.492712   1.665430   1.833437   1.996304   2.153630   2.305040   2.450188   2.588754   2.720444   2.844993   2.962160   3.071730   3.173510   3.267330   3.353041   3.430512   3.499632   3.560304   3.612449   3.655999   3.690901   3.717113   3.734605   3.743355   3.743355   3.734605   3.717113   3.690901   3.655999   3.612449   3.560304   3.499632   3.430512   3.353041   3.267330   3.173510   3.071730   2.962160   2.844993   2.720444   2.588754   2.450188   2.305040   2.153630   1.996304   1.833437   1.665430   1.492712   1.315734   1.134973   0.950926   0.764110   0.575058   0.384316   0.192442   0.000000 
  0.000000   0.198131   0.395678   0.592058   0.786700   0.979039   1.168527   1.354632   1.536842   1.714666   1.887640   2.055321   2.217298   2.373185   2.522624   2.665286   2.800870   2.929101   3.049732   3.162541   3.267330   3.363924   3.452168   3.531930   3.603093   3.665559   3.719246   3.764083   3.800017   3.827004   3.845013   3.854022   3.854022   3.845013   3.827004   3.800017   3.764083   3.719246   3.665559   3.603093   3.531930   3.452168   3.363924   3.267330   3.162541   3.049732   2.929101   2.800870   2.665286   2.522624   2.373185   2.217298   2.055321   1.887640   1.714666   1.536842   1.354632   1.168527   0.979039   0.786700   0.592058   0.395678   0.198131   0.000000 
  0.000000   0.203329   0.406057   0.607590   0.807337   1.004722   1.199181   1.390168   1.577157   1.759647   1.937157   2.109238   2.275464   2.435440   2.588799   2.735204   2.874344   3.005939   3.129735   3.245503   3.353041   3.452168   3.542728   3.624582   3.697612   3.761717   3.816811   3.862825   3.899701   3.927396   3.945877   3.955123   3.955123   3.945877   3.927396   3.899701   3.862825   3.816811   3.761717   3.697612   3.624582   3.542728   3.452168   3.353041   3.245503   3.129735   3.005939   2.874344   2.735204   2.588799   2.435440   2.275464   2.109238   1.937157   1.759647   1.577157   1.390168   1.199181   1.004722   0.807337   0.607590   0.406057   0.203329   0.000000 
  0.000000   0.208027   0.415439   0.621628   0.825991   1.027936   1.226888   1.422287   1.613597   1.800303   1.981915   2.157971   2.328038   2.491711   2.648613   2.798400   2.940755   3.075391   3.202047   3.320490   3.430512   3.531930   3.624582   3.708327   3.783044   3.848630   3.904998   3.952075   3.989803   4.018138   4.037046   4.046505   4.046505   4.037046   4.018138   3.989803   3.952075   3.904998   3.848630   3.783044   3.708327   3.624582   3.531930   3.430512   3.320490   3.202047   3.075391   2.940755   2.798400   2.648613   2.491711   2.328038   2.157971   1.981915   1.800303   1.613597   1.422287   1.226888   1.027936   0.825991   0.621628   0.415439   0.208027   0.000000 
  0.000000   0.212218   0.423810   0.634153   0.842633   1.048647   1.251608   1.450944   1.646109   1.836576   2.021848   2.201451   2.374945   2.541915   2.701979   2.854784   3.000007   3.137355   3.266563   3.387393   3.499632   3.603093   3.697612   3.783044   3.859267   3.926174   3.983678   4.031703   4.070192   4.099097   4.118386   4.128036   4.128036   4.118386   4.099097   4.070192   4.031703   3.983678   3.926174   3.859267   3.783044   3.697612   3.603093   3.499632   3.387393   3.266563   3.137355   3.000007   2.854784   2.701979   2.541915   2.374945   2.201451   2.021848   1.836576   1.646109   1.450944   1.251608   1.048647   0.842633   0.634153   0.423810   0.212218   0.000000 
  0.000000   0.215897   0.431157   0.645147   0.857242   1.066828   1.273307   1.476099   1.674647   1.868417   2.056900   2.239618   2.416119   2.585984   2.748822   2.904277   3.052018   3.191747   3.323195   3.446119   3.560304   3.665559   3.761717   3.848630   3.926174   3.994242   4.052742   4.101600   4.140756   4.170163   4.189786   4.199603   4.199603   4.189786   4.170163   4.140756   4.101600   4.052742   3.994242   3.926174   3.848630   3.761717   3.665559   3.560304   3.446119   3.323195   3.191747   3.052018   2.904277   2.748822   2.585984   2.416119   2.239618   2.056900   1.868417   1.674647   1.476099   1.273307   1.066828   0.857242   0.645147   0.431157   0.215897   0.000000 
  0.000000   0.219059   0.437472   0.654596   0.869797   1.082452   1.291956   1.497718   1.699174   1.895782   2.087026   2.272419   2.451506   2.623858   2.789082   2.946813   3.096718   3.238494   3.371867   3.496591   3.612449   3.719246   3.816811   3.904998   3.983678   4.052742   4.112099   4.161672   4.201402   4.231239   4.251150   4.261111   4.261111   4.251150   4.231239   4.201402   4.161672   4.112099   4.052742   3.983678   3.904998   3.816811   3.719246   3.612449   3.496591   3.371867   3.238494   3.096718   2.946813   2.789082   2.623858   2.451506   2.272419   2.087026   1.895782   1.699174   1.497718   1.291956   1.082452   0.869797   0.654596   0.437472   0.219059   0.000000 
  0.000000   0.221700   0.442746   0.662488   0.880283   1.095502   1.307531   1.515774   1.719659   1.918637   2.112186   2.299815   2.481060   2.655490   2.822706   2.982338   3.134051   3.277536   3.412517   3.538745   3.655999   3.764083   3.862825   3.952075   4.031703   4.101600   4.161672   4.211844   4.252052   4.282249   4.302400   4.312481   4.312481   4.302400   4.282249   4.252052   4.211844   4.161672   4.101600   4.031703   3.952075   3.862825   3.764083   3.655999   3.538745   3.412517   3.277536   3.134051   2.982338   2.822706   2.655490   2.481060   2.299815   2.112186   1.918637   1.719659   1.515774   1.307531   1.095502   0.880283   0.662488   0.442746   0.221700   0.000000 
  0.000000   0.223817   0.446973   0.668812   0.888687   1.105960   1.320013   1.530245   1.736076   1.936953   2.132350   2.321770   2.504745   2.680841   2.849653   3.010809   3.163970   3.308825   3.445094   3.572528   3.690901   3.800017   3.899701   3.989803   4.070192   4.140756   4.201402   4.252052   4.292644   4.323130   4.343473   4.353650   4.353650   4.343473   4.323130   4.292644   4.252052   4.201402   4.140756   4.070192   3.989803   3.899701   3.800017   3.690901   3.572528   3.445094   3.308825   3.163970   3.010809   2.849653   2.680841   2.504745   2.321770   2.132350   1.936953   1.736076   1.530245   1.320013   1.105960   0.888687   0.668812   0.446973   0.223817   0.000000 
  0.000000   0.225406   0.450147   0.673562   0.894998   1.113815   1.329388   1.541112   1.748405   1.950709   2.147494   2.338259   2.522534   2.699880   2.869891   3.032192   3.186440   3.332323   3.469561   3.597899   3.717113   3.827004   3.927396   4.018138   4.099097   4.170163   4.231239   4.282249   4.323130   4.353832   4.374319   4.384569   4.384569   4.374319   4.353832   4.323130   4.282249   4.231239   4.170163   4.099097   4.018138   3.927396   3.827004   3.717113   3.597899   3.469561   3.332323   3.186440   3.032192   2.869891   2.699880   2.522534   2.338259   2.147494   1.950709   1.748405   1.541112   1.329388   1.113815   0.894998   0.673562   0.450147   0.225406   0.000000 
  0.000000   0.226467   0.452265   0.676731   0.899209   1.119056   1.335643   1.548364   1.756632   1.959888   2.157599   2.349262   2.534404   2.712585   2.883395   3.046460   3.201434   3.348004   3.485887   3.614829   3.734605   3.845013   3.945877   4.037046   4.118386   4.189786   4.251150   4.302400   4.343473   4.374319   4.394903   4.405201   4.405201   4.394903   4.374319   4.343473   4.302400   4.251150   4.189786   4.118386   4.037046   3.945877   3.845013   3.734605   3.614829   3.485887   3.348004   3.201434   3.046460   2.883395   2.712585   2.534404   2.349262   2.157599   1.959888   1.756632   1.548364   1.335643   1.119056   0.899209   0.676731   0.452265   0.226467   0.000000 
  0.000000   0.226997   0.453325   0.678317   0.901316   1.121678   1.338773   1.551992   1.760748   1.964480   2.162655   2.354766   2.540342   2.718940   2.890152   3.053598   3.208935   3.355849   3.494055   3.623299   3.743355   3.854022   3.955123   4.046505   4.128036   4.199603   4.261111   4.312481   4.353650   4.384569   4.405201   4.415523   4.415523   4.405201   4.384569   4.353650   4.312481   4.261111   4.199603   4.128036   4.046505   3.955123   3.854022   3.743355   3.623299   3.494055   3.355849   3.208935   3.053598   2.890152   2.718940   2.540342   2.354766   2.162655   1.964480   1.760748   1.551992   1.338773   1.121678   0.901316   0.678317   0.453325   0.226997   0.000000 
  0.000000   0.226997   0.453325   0.678317   0.901316   1.121678   1.338773   1.551992   1.760748   1.964480   2.162655   2.354766   2.540342   2.718940   2.890152   3.053598   3.208935   3.355849   3.494055   3.623299   3.743355   3.854022   3.955123   4.046505   4.128036   4.199603   4.261111   4.312481   4.353650   4.384569   4.405201   4.415523   4.415523   4.405201   4.384569   4.353650   4.312481   4.261111   4.199603   4.128036   4.046505   3.955123   3.854022   3.743355   3.623299   3.494055   3.355849   3.208935   3.053598   2.890152   2.718940   2.540342   2.354766   2.162655   1.964480   1.760748   1.551992   1.338773   1.121678   0.901316   0.678317   0.453325   0.226997   0.000000 
  0.000000   0.226467   0.452265   0.676731   0.899209   1.119056   1.335643   1.548364   1.756632   1.959888   2.157599   2.349262   2.534404   2.712585   2.883395   3.046460   3.201434   3.348004   3.485887   3.614829   3.734605   3.845013   3.945877   4.037046   4.118386   4.189786   4.251150   4.302400   4.343473   4.374319   4.394903   4.405201   4.405201   4.394903   4.374319   4.343473   4.302400   4.251150   4.189786   4.118386   4.037046   3.945877   3.845013   3.734605   3.614829   3.485887   3.348004   3.201434   3.046460   2.883395   2.712585   2.534404   2.349262   2.157599   1.959888   1.756632   1.548364   1.335643   1.119056   0.899209   0.676731   0.452265   0.226467   0.000000 
  0.000000   0.225406   0.450147   0.673562   0.894998   1.113815   1.329388   1.541112   1.748405   1.950709   2.147494   2.338259   2.522534   2.699880   2.869891   3.032192   3.186440   3.332323   3.469561   3.597899   3.717113   3.827004   3.927396   4.018138   4.099097   4.170163   4.231239   4.282249   4.323130   4.353832   4.374319   4.384569   4.384569   4.374319   4.353832   4.323130   4.282249   4.231239   4.170163   4.099097   4.018138   3.927396   3.827004   3.717113   3.597899   3.469561   3.332323   3.186440   3.032192   2.869891   2.699880   2.522534   2.338259   2.147494   1.950709   1.748405   1.541112   1.329388   1.113815   0.894998   0.673562   0.450147   0.225406   0.000000 
  0.000000   0.223817   0.446973   0.668812   0.888687   1.105960   1.320013   1.530245   1.736076   1.936953   2.132350   2.321770   2.504745   2.680841   2.849653   3.010809   3.163970   3.308825   3.445094   3.572528   3.690901   3.800017   3.899701   3.989803   4.070192   4.140756   4.201402   4.252052   4.292644   4.323130   4.343473   4.353650   4.353650   4.343473   4.323130   4.292644   4.252052   4.201402   4.140756   4.070192   3.989803   3.899701   3.800017   3.690901   3.572528   3.445094   3.308825   3.163970   3.010809   2.849653   2.680841   2.504745   2.321770   2.132350   1.936953   1.736076   1.530245   1.320013   1.105960   0.888687   0.668812   0.446973   0.223817   0.000000 
  0.000000   0.221700   0.442746   0.662488   0.880283   1.095502   1.307531   1.515774   1.719659   1.918637   2.112186   2.299815   2.481060   2.655490   2.822706   2.982338   3.134051   3.277536   3.412517   3.538745   3.655999   3.764083   3.862825   3.952075   4.031703   4.101600   4.161672   4.211844   4.252052   4.282249   4.302400   4.312481   4.312481   4.302400   4.282249   4.252052   4.211844   4.161672   4.101600   4.031703   3.952075   3.862825   3.764083   3.655999   3.538745   3.412517   3.277536   3.134051   2.982338   2.822706   2.655490   2.481060   2.299815   2.112186   1.918637   1.719659   1.515774   1.307531   1.095502   0.880283   0.662488   0.442746   0.221700   0.000000 
  0.000000   0.219059   0.437472   0.654596   0.869797   1.082452   1.291956   1.497718   1.699174   1.895782   2.087026   2.272419   2.451506   2.623858   2.789082   2.946813   3.096718   3.238494   3.371867   3.496591   3.612449   3.719246   3.816811   3.904998   3.983678   4.052742   4.112099   4.161672   4.201402   4.231239   4.251150   4.261111   4.261111   4.251150   4.231239   4.201402   4.161672   4.112099   4.052742   3.983678   3.904998   3.816811   3.719246   3.612449   3.496591   3.371867   3.238494   3.096718   2.946813   2.789082   2.623858   2.451506   2.272419   2.087026   1.895782   1.699174   1.497718   1.291956   1.082452   0.869797   0.654596   0.437472   0.219059   0.000000 
  0.000000   0.215897   0.431157   0.645147   0.857242   1.066828   1.273307   1.476099   1.674647   1.868417   2.056900   2.239618   2.416119   2.585984   2.748822   2.904277   3.052018   3.191747   3.323195   3.446119   3.560304   3.665559   3.761717   3.848630   3.926174   3.994242   4.052742   4.101600   4.140756   4.170163   4.189786   4.199603   4.199603   4.189786   4.170163   4.140756   4.101600   4.052742   3.994242   3.926174   3.848630   3.761717   3.665559   3.560304   3.446119   3.323195   3.191747   3.052018   2.904277   2.748822   2.585984   2.416119   2.239618   2.056900   1.868417   1.674647   1.476099   1.273307   1.066828   0.857242   0.645147   0.431157   0.215897   0.000000 
  0.000000   0.212218   0.423810   0.634153   0.842633   1.048647   1.251608   1.450944   1.646109   1.836576   2.021848   2.201451   2.374945   2.541915   2.701979   2.854784   3.000007   3.137355   3.266563   3.387393   3.499632   3.603093   3.697612   3.783044   3.859267   3.926174   3.983678   4.031703   4.070192   4.099097   4.118386   4.128036   4.128036   4.118386   4.099097   4.070192   4.031703   3.983678   3.926174   3.859267   3.783044   3.697612   3.603093   3.499632   3.387393   3.266563   3.137355   3.000007   2.854784   2.701979   2.541915   2.374945   2.201451   2.021848   1.836576   1.646109   1.450944   1.251608   1.048647   0.842633   0.634153   0.423810   0.212218   0.000000 
  0.000000   0.208027   0.415439   0.621628   0.825991   1.027936   1.226888   1.422287   1.613597   1.800303   1.981915   2.157971   2.328038   2.491711   2.648613   2.798400   2.940755   3.075391   3.202047   3.320490   3.430512   3.531930   3.624582   3.708327   3.783044   3.848630   3.904998   3.952075   3.989803   4.018138   4.037046   4.046505   4.046505   4.037046   4.018138   3.989803   3.952075   3.904998   3.848630   3.783044   3.708327   3.624582   3.531930   3.430512   3.320490   3.202047   3.075391   2.940755   2.798400   2.648613   2.491711   2.328038   2.157971   1.981915   1.800303   1.613597   1.422287   1.226888   1.027936   0.825991   0.621628   0.415439   0.208027   0.000000 
  0.000000   0.203329   0.406057   0.607590   0.807337   1.004722   1.199181   1.390168   1.577157   1.759647   1.937157   2.109238   2.275464   2.435440   2.588799   2.735204   2.874344   3.005939   3.129735   3.245503   3.353041   3.452168   3.542728   3.624582   3.697612   3.761717   3.816811   3.862825   3.899701   3.927396   3.945877   3.955123   3.955123   3.945877   3.927396   3.899701   3.862825   3.816811   3.761717   3.697612   3.624582   3.542728   3.452168   3.353041   3.245503   3.129735   3.005939   2.874344   2.735204   2.588799   2.435440   2.275464   2.109238   1.937157   1.759647   1.577157   1.390168   1.199181   1.004722   0.807337   0.607590   0.406057   0.203329   0.000000 
  0.000000   0.198131   0.395678   0.592058   0.786700   0.979039   1.168527   1.354632   1.536842   1.714666   1.887640   2.055321   2.217298   2.373185   2.522624   2.665286   2.800870   2.929101   3.049732   3.162541   3.267330   3.363924   3.452168   3.531930   3.603093   3.665559   3.719246   3.764083   3.800017   3.827004   3.845013   3.854022   3.854022   3.845013   3.827004   3.800017   3.764083   3.719246   3.665559   3.603093   3.531930   3.452168   3.363924   3.267330   3.162541   3.049732   2.929101   2.800870   2.665286   2.522624   2.373185   2.217298   2.055321   1.887640   1.714666   1.536842   1.354632   1.168527   0.979039   0.786700   0.592058   0.395678   0.198131   0.000000 
  0.000000   0.192442   0.384316   0.575058   0.764110   0.950926   1.134973   1.315734   1.492712   1.665430   1.833437   1.996304   2.153630   2.305040   2.450188   2.588754   2.720444   2.844993   2.962160   3.071730   3.173510   3.267330   3.353041   3.430512   3.499632   3.560304   3.612449   3.655999   3.690901   3.717113   3.734605   3.743355   3.743355   3.734605   3.717113   3.690901   3.655999   3.612449   3.560304   3.499632   3.430512   3.353041   3.267330   3.173510   3.071730   2.962160   2.844993   2.720444   2.588754   2.450188   2.305040   2.153630   1.996304   1.833437   1.665430   1.492712   1.315734   1.134973   0.950926   0.764110   0.575058   0.384316   0.192442   0.000000 
  0.000000   0.186270   0.371990   0.556615   0.739604   0.920429   1.098573   1.273537   1.444838   1.612017   1.774635   1.932279   2.084559   2.231113   2.371606   2.505728   2.633195   2.753749   2.867159   2.973214   3.071730   3.162541   3.245503   3.320490   3.387393   3.446119   3.496591   3.538745   3.572528   3.597899   3.614829   3.623299   3.623299   3.614829   3.597899   3.572528   3.538745   3.496591   3.446119   3.387393   3.320490   3.245503   3.162541   3.071730   2.973214   2.867159   2.753749   2.633195   2.505728   2.371606   2.231113   2.084559   1.932279   1.774635   1.612017   1.444838   1.273537   1.098573   0.920429   0.739604   0.556615   0.371990   0.186270   0.000000 
  0.000000   0.179626   0.358721   0.536760   0.713222   0.887596   1.059386   1.228109   1.393300   1.554516   1.711333   1.863353   2.010202   2.151529   2.287010   2.416347   2.539267   2.655522   2.764886   2.867159   2.962160   3.049732   3.129735   3.202047   3.266563   3.323195   3.371867   3.412517   3.445094   3.469561   3.485887   3.494055   3.494055   3.485887   3.469561   3.445094   3.412517   3.371867   3.323195   3.266563   3.202047   3.129735   3.049732   2.962160   2.867159   2.764886   2.655522   2.539267   2.416347   2.287010   2.151529   2.010202   1.863353   1.711333   1.554516   1.393300   1.228109   1.059386   0.887596   0.713222   0.536760   0.358721   0.179626   0.000000 
  0.000000   0.172521   0.344532   0.515529   0.685011   0.852488   1.017483   1.179531   1.338189   1.493027   1.643642   1.789649   1.930689   2.066426   2.196548   2.320769   2.438827   2.550483   2.655522   2.753749   2.844993   2.929101   3.005939   3.075391   3.137355   3.191747   3.238494   3.277536   3.308825   3.332323   3.348004   3.355849   3.355849   3.348004   3.332323   3.308825   3.277536   3.238494   3.191747   3.137355   3.075391   3.005939   2.929101   2.844993   2.753749   2.655522   2.550483   2.438827   2.320769   2.196548   2.066426   1.930689   1.789649   1.643642   1.493027   1.338189   1.179531   1.017483   0.852488   0.685011   0.515529   0.344532   0.172521   0.000000 
  0.000000   0.164968   0.329449   0.492960   0.655022   0.815167   0.972939   1.127893   1.279605   1.427665   1.571686   1.711301   1.846166   1.975961   2.100387   2.219170   2.332060   2.438827   2.539267   2.633195   2.720444   2.800870   2.874344   2.940755   3.000007   3.052018   3.096718   3.134051   3.163970   3.186440   3.201434   3.208935   3.208935   3.201434   3.186440   3.163970   3.134051   3.096718   3.052018   3.000007   2.940755   2.874344   2.800870   2.720444   2.633195   2.539267   2.438827   2.332060   2.219170   2.100387   1.975961   1.846166   1.711301   1.571686   1.427665   1.279605   1.127893   0.972939   0.815167   0.655022   0.492960   0.329449   0.164968   0.000000 
  0.000000   0.156982   0.313501   0.469096   0.623314   0.775707   0.925841   1.073295   1.217662   1.358555   1.495604   1.628461   1.756798   1.880309   1.998712   2.111745   2.219170   2.320769   2.416347   2.505728   2.588754   2.665286   2.735204   2.798400   2.854784   2.904277   2.946813   2.982338   3.010809   3.032192   3.046460   3.053598   3.053598   3.046460   3.032192   3.010809   2.982338   2.946813   2.904277   2.854784   2.798400   2.735204   2.665286   2.588754   2.505728   2.416347   2.320769   2.219170   2.111745   1.998712   1.880309   1.756798   1.628461   1.495604   1.358555   1.217662   1.073295   0.925841   0.775707   0.623314   0.469096   0.313501   0.156982   0.000000 
  0.000000   0.148580   0.296721   0.443988   0.589950   0.734186   0.876284   1.015846   1.152486   1.285837   1.415551   1.541296   1.662763   1.779664   1.891729   1.998712   2.100387   2.196548   2.287010   2.371606   2.450188   2.522624   2.588799   2.648613   2.701979   2.748822   2.789082   2.822706   2.849653   2.869891   2.883395   2.890152   2.890152   2.883395   2.869891   2.849653   2.822706   2.789082   2.748822   2.701979   2.648613   2.588799   2.522624   2.450188   2.371606   2.287010   2.196548   2.100387   1.998712   1.891729   1.779664   1.662763   1.541296   1.415551   1.285837   1.152486   1.015846   0.876284   0.734186   0.589950   0.443988   0.296721   0.148580   0.000000 
  0.000000   0.139778   0.279143   0.417686   0.555002   0.690694   0.824374   0.955667   1.084213   1.209665   1.331694   1.449990   1.564262   1.674237   1.779664   1.880309   1.975961   2.066426   2.151529   2.231113   2.305040   2.373185   2.435440   2.491711   2.541915   2.585984   2.623858   2.655490   2.680841   2.699880   2.712585   2.718940   2.718940   2.712585   2.699880   2.680841   2.655490   2.623858   2.585984   2.541915   2.491711   2.435440   2.373185   2.305040   2.231113   2.151529   2.066426   1.975961   1.880309   1.779664   1.674237   1.564262   1.449990   1.331694   1.209665   1.084213   0.955667   0.824374   0.690694   0.555002   0.417686   0.279143   0.139778   0.000000 
  0.000000   0.130596   0.260807   0.390250   0.518546   0.645324   0.770223   0.892893   1.012994   1.130206   1.244219   1.354745   1.461511   1.564262   1.662763   1.756798   1.846166   1.930689   2.010202   2.084559   2.153630   2.217298   2.275464   2.328038   2.374945   2.416119   2.451506   2.481060   2.504745   2.522534   2.534404   2.540342   2.540342   2.534404   2.522534   2.504745   2.481060   2.451506   2.416119   2.374945   2.328038   2.275464   2.217298   2.153630   2.084559   2.010202   1.930689   1.846166   1.756798   1.662763   1.564262   1.461511   1.354745   1.244219   1.130206   1.012994   0.892893   0.770223   0.645324   0.518546   0.390250   0.260807   0.130596   0.000000 
  0.000000   0.121056   0.241755   0.361741   0.480665   0.598182   0.713957   0.827665   0.938994   1.047642   1.153327   1.255779   1.354745   1.449990   1.541296   1.628461   1.711301   1.789649   1.863353   1.932279   1.996304   2.055321   2.109238   2.157971   2.201451   2.239618   2.272419   2.299815   2.321770   2.338259   2.349262   2.354766   2.354766   2.349262   2.338259   2.321770   2.299815   2.272419   2.239618   2.201451   2.157971   2.109238   2.055321   1.996304   1.932279   1.863353   1.789649   1.711301   1.628461   1.541296   1.449990   1.354745   1.255779   1.153327   1.047642   0.938994   0.827665   0.713957   0.598182   0.480665   0.361741   0.241755   0.121056   0.000000 
  0.000000   0.111180   0.222031   0.332229   0.441450   0.549380   0.655710   0.760141   0.862386   0.962171   1.059234   1.153327   1.244219   1.331694   1.415551   1.495604   1.571686   1.643642   1.711333   1.774635   1.833437   1.887640   1.937157   1.981915   2.021848   2.056900   2.087026   2.112186   2.132350   2.147494   2.157599   2.162655   2.162655   2.157599   2.147494   2.132350   2.112186   2.087026   2.056900   2.021848   1.981915   1.937157   1.887640   1.833437   1.774635   1.711333   1.643642   1.571686   1.495604   1.415551   1.331694   1.244219   1.153327   1.059234   0.962171   0.862386   0.760141   0.655710   0.549380   0.441450   0.332229   0.222031   0.111180   0.000000 
  0.000000   0.100992   0.201686   0.301785   0.400998   0.499038   0.595624   0.690486   0.783362   0.874003   0.962171   1.047642   1.130206   1.209665   1.285837   1.358555   1.427665   1.493027   1.554516   1.612017   1.665430   1.714666   1.759647   1.800303   1.836576   1.868417   1.895782   1.918637   1.936953   1.950709   1.959888   1.964480   1.964480   1.959888   1.950709   1.936953   1.918637   1.895782   1.868417   1.836576   1.800303   1.759647   1.714666   1.665430   1.612017   1.554516   1.493027   1.427665   1.358555   1.285837   1.209665   1.130206   1.047642   0.962171   0.874003   0.783362   0.690486   0.595624   0.499038   0.400998   0.301785   0.201686   0.100992   0.000000 
  0.000000   0.090518   0.180769   0.270488   0.359411   0.447284   0.533853   0.618877   0.702121   0.783362   0.862386   0.938994   1.012994   1.084213   1.152486   1.217662   1.279605   1.338189   1.393300   1.444838   1.492712   1.536842   1.577157   1.613597   1.646109   1.674647   1.699174   1.719659   1.736076   1.748405   1.756632   1.760748   1.760748   1.756632   1.748405   1.736076   1.719659   1.699174   1.674647   1.646109   1.613597   1.577157   1.536842   1.492712   1.444838   1.393300   1.338189   1.279605   1.217662   1.152486   1.084213   1.012994   0.938994   0.862386   0.783362   0.702121   0.618877   0.533853   0.447284   0.359411   0.270488   0.180769   0.090518   0.000000 
