A=[-5 7 3 4 -8;5 8 3 6 8;3 -7 -3 -4 5; -3 0 4 5 3;7 4 5 9 5]
B=A'*A